6.77
7.35
10.00
7.46
7.62
7.58
5.77
6.31
7.50
6.77
7.42
6.85
6.19
5.92
7.00
6.62
6.81
4.62
5.81
7.08
8.08
1.62
1.31
0.92
1.81
6.69
3.73
0.92
7.46
8.12
7.73
9.15
0.31
0.23
8.58
5.92
6.69
8.46
7.65
1.62
9.44
8.62
9.03
6.81
6.63
7.56
6.73
7.65
2.50
8.38
7.38
6.19
6.73
7.92
8.12
7.35
4.88
5.54
8.46
8.13
3.04
1.31
5.96
6.87
7.85
2.65
8.94
8.96
9.29
8.83
9.10
8.87
9.02
9.29
8.79
7.52
7.10
7.38
6.46
6.27
2.69
4.46
5.85
5.00
2.08
4.42
4.38
1.85
3.08
0.92
3.15
0.92
0.54
2.08
0.54
0.62
8.42
9.08
9.04
8.27
7.57
7.29
8.50
7.73
6.88
5.65
3.31
8.00
8.00
7.08
6.85
7.00
4.77
5.62
5.87
8.08
7.00
6.85
7.42
6.58
6.42
8.21
7.69
7.23
6.71
5.58
7.48
8.45
8.06
8.08
8.02
8.11
7.92
7.94
5.85
3.85
2.81
6.65
2.50
1.77
6.04
6.58
6.85
2.40
2.92
3.69
2.15
7.25
5.00
1.92
5.90
7.42
7.27
1.81
5.06
5.09
6.78
6.06
6.94
8.31
4.59
2.94
5.63
8.16
7.53
4.56
6.34
6.56
2.38
2.22
8.66
4.47
5.34
3.69
3.00
8.13
6.31
6.22
6.50
3.91
2.56
3.00
5.63
7.59
3.16
1.19
3.31
6.63
4.75
3.69
4.25
6.56
4.25
5.88
5.94
7.56
2.75
7.03
5.47
6.47
7.91
4.97
5.00
5.19
7.03
3.44
2.31
5.91
7.38
8.13
4.63
5.25
5.03
6.69
7.88
4.50
4.75
4.47
3.25
5.63
3.69
2.94
5.28
5.00
6.44
4.13
4.75
2.38
4.94
8.06
5.31
8.03
5.94
6.00
5.41
1.81
8.97
6.00
6.72
8.00
4.81
3.88
5.16
2.25
6.44
8.88
6.88
4.94
2.56
6.38
7.81
1.75
4.25
3.88
2.88
7.63
6.48
8.44
7.50
8.59
6.34
3.38
6.00
3.88
7.63
7.78
9.22
7.38
6.09
8.50
8.31
7.13
5.91
6.47
3.38
3.63
7.13
7.89
5.97
7.03
7.69
7.47
6.19
6.97
3.56
7.47
8.34
8.70
7.81
5.70
6.22
6.34
4.06
4.47
5.97
7.61
8.36
7.41
2.69
3.94
7.16
5.63
7.53
8.31
8.81
6.25
8.30
5.25
8.53
7.94
6.88
5.94
4.06
6.25
7.72
6.19
2.97
1.94
3.75
3.31
3.69
7.44
6.41
5.44
6.25
2.63
0.88
3.19
4.69
6.75
5.31
7.31
5.75
3.97
3.47
3.63
5.56
7.83
3.88
5.31
6.81
7.59
7.19
4.38
6.53
6.19
7.69
6.31
6.03
8.34
6.25
6.34
3.78
